0.00000000
0.00000000
0.00000000
0.00000000
0.00000000
0.00000000
0.00000000
0.00000000
0.00000000
0.00000000
0.00000000
0.00000000
0.00000000
0.00000000
0.00000000
0.00000000
0.00000000
0.23309009
0.04499446
0.60338679
-0.22071700
-0.68457272
0.24313873
0.09793870
-0.09196815
0.80854886
0.60338679
-0.05828728
-0.09196815
0.80854886
0.60338679
0.18297974
-0.02363744
0.80854886
0.60338679
0.29850154
-0.08048285
0.80854886
0.60338679
0.00000000
-0.70128242
-0.96584146
-0.46338265
0.04549334
-0.35632803
0.44731471
-0.24994557
-0.32304240
-0.26152507
-0.46338265
-0.70128242
-0.68201280
-0.13589861
-0.46338265
-0.70128242
-0.58914985
-0.42292537
-0.46338265
-0.31679993
-0.51396112
-0.42292537
-0.46338265
