0.00000000
0.00000000
0.00000000
0.00000000
0.00000000
0.00000000
0.00000000
0.00000000
0.00000000
0.00000000
0.00000000
0.00000000
0.00000000
0.00000000
0.00000000
0.00000000
0.00000000
0.23309009
0.04499446
0.60338679
-0.22071700
0.07026311
-0.09196815
0.80854886
0.60338679
0.17023810
-0.08048285
0.80854886
0.60338679
0.00000000
0.00000000
0.00000000
0.00000000
0.00000000
0.00000000
0.00000000
0.00000000
0.00000000
0.00000000
0.00000000
-0.70128242
-0.96584146
-0.46338265
0.04549334
-0.70128242
-0.70128242
-0.13158570
-0.46338265
-0.64274603
-0.68104212
-0.42292537
-0.46338265
