-0.23735508
-0.55678072
0.29648955
0.00001737
-0.23735508
-0.55678072
0.29648955
0.00000000
0.03571138
-0.38236914
0.63513179
-0.22363544
0.03571138
-0.38236914
0.63513179
0.00000000
0.00000000
0.23309009
0.04499446
0.60338679
0.14753981
-0.05061652
0.80854886
0.60338679
0.00000000
0.00000000
0.00000000
0.00000000
0.00000000
0.00000000
0.00000000
0.00000000
0.00000000
0.00000000
0.00000000
0.00000000
0.00000000
0.00000000
0.00000000
0.00000000
-0.70128242
-0.96584146
-0.46338265
-0.70128242
-0.70128242
-0.14839557
-0.46338265
