0.00000000 -0.24102888 0.00000000 0.00000000 -0.30450309 -0.19484771 -0.31946234 -0.35158195 -0.24050899 0.04440963 0.12185710 0.41303007 -0.46842933 -0.25912113 -0.18181705 0.00000000 0.14375065 0.00000000 0.00000000
0.00000000 -0.24102888 0.00000000 0.00000000 -0.30450309 -0.19484771 -0.31946234 -0.35158195 -0.24050899 0.04440963 0.12185710 0.41303007 -0.46842933 -0.25912113 -0.18181705 0.00000000 0.14375065 0.00000000 0.00000000
0.00000000 -0.24102888 0.00000000 0.00000000 -0.30450309 -0.19484771 -0.31946234 -0.35158195 -0.24050899 0.04440963 0.12185710 0.41303007 -0.46842933 -0.25912113 -0.18181705 0.00000000 0.14375065 0.00000000 0.00000000
0.00000000 -0.53452057 0.00000000 0.00000000 0.00000000 -0.53452057 0.00000000 0.00000000 0.00000000 0.00000000 -0.26727499 0.26725895 0.00000000 -0.53452057 0.00000000 0.00000000 -0.00001604 0.00000000 0.00000000
0.00000000 -0.24102888 0.00000000 0.00000000 -0.30450309 -0.19484771 -0.31946234 -0.35158195 -0.24050899 0.04440963 0.12185710 0.41303007 -0.46842933 -0.25912113 -0.18181705 0.00000000 0.14375065 0.00000000 0.00000000
0.00000000 -0.24102888 0.00000000 0.00000000 -0.30450309 -0.19484771 -0.31946234 -0.35158195 -0.24050899 0.04440963 0.12185710 0.41303007 -0.46842933 -0.25912113 -0.18181705 0.00000000 0.14375065 0.00000000 0.00000000
0.00000000 -0.24102888 0.00000000 0.00000000 -0.30450309 -0.19484771 -0.31946234 -0.35158195 -0.24050899 0.04440963 0.12185710 0.41303007 -0.46842933 -0.25912113 -0.18181705 0.00000000 0.14375065 0.00000000 0.00000000
0.00000000 0.00000000 0.00000000 0.00000000 0.00000000 0.00000000 0.00000000 0.00000000 0.00000000 0.00000000 0.00000000 0.00000000 0.00000000 0.00000000 0.00000000 0.00000000 0.00000000 0.00000000 0.00000000
-0.33220240 -0.17463096 -0.46672548 -0.41338047 -0.25438952 -0.15326949 -0.22668462 -0.21218603 -0.18640585 0.00235749 0.05299527 0.24927463 -0.23170490 -0.17821661 -0.13848958 -0.09361920 0.13309450 0.00000000 -0.23454146
-0.33220240 -0.17463096 -0.46672548 -0.41338047 -0.25438952 -0.15326949 -0.22668462 -0.21218603 -0.18640585 0.00235749 0.05299527 0.24927463 -0.23170490 -0.17821661 -0.13848958 -0.09361920 0.13309450 0.00000000 -0.23454146
-0.33220240 -0.17463096 -0.46672548 -0.41338047 -0.25438952 -0.15326949 -0.22668462 -0.21218603 -0.18640585 0.00235749 0.05299527 0.24927463 -0.23170490 -0.17821661 -0.13848958 -0.09361920 0.13309450 0.00000000 -0.23454146
-0.44734543 0.00000000 0.00000000 0.00000000 0.00000000 -0.00012852 -0.44718897 0.00000000 -0.00014528 0.00000000 0.00000000 0.44717779 0.00000000 -0.00012852 -0.00015647 -0.44709960 0.00012292 0.00000000 -0.44725604
-0.33220240 -0.17463096 -0.46672548 -0.41338047 -0.25438952 -0.15326949 -0.22668462 -0.21218603 -0.18640585 0.00235749 0.05299527 0.24927463 -0.23170490 -0.17821661 -0.13848958 -0.09361920 0.13309450 0.00000000 -0.23454146
-0.33220240 -0.17463096 -0.46672548 -0.41338047 -0.25438952 -0.15326949 -0.22668462 -0.21218603 -0.18640585 0.00235749 0.05299527 0.24927463 -0.23170490 -0.17821661 -0.13848958 -0.09361920 0.13309450 0.00000000 -0.23454146
-0.33220240 -0.17463096 -0.46672548 -0.41338047 -0.25438952 -0.15326949 -0.22668462 -0.21218603 -0.18640585 0.00235749 0.05299527 0.24927463 -0.23170490 -0.17821661 -0.13848958 -0.09361920 0.13309450 0.00000000 -0.23454146
0.00000000 0.00000000 0.00000000 0.00000000 0.00000000 0.00000000 0.00000000 0.00000000 0.00000000 0.00000000 0.00000000 0.00000000 0.00000000 0.00000000 0.00000000 0.00000000 0.00000000 0.00000000 0.00000000
0.00000000 0.00000000 0.00000000 0.00000000 0.00000000 0.00000000 0.00000000 0.00000000 0.00000000 0.00000000 0.00000000 0.00000000 0.00000000 0.00000000 0.00000000 0.00000000 0.00000000 0.00000000 0.00000000
-0.40573843 -0.05349491 -0.45584786 -0.38910253 -0.06352623 0.01669637 -0.14927620 -0.09527387 -0.01982992 -0.00380867 0.11168550 0.19080992 -0.29003583 -0.12053078 -0.11665603 -0.36168571 -0.00252361 0.00000000 -0.38114555
-0.40573843 -0.05349491 -0.45584786 -0.38910253 -0.06352623 0.01669637 -0.14927620 -0.09527387 -0.01982992 -0.00380867 0.11168550 0.19080992 -0.29003583 -0.12053078 -0.11665603 -0.36168571 -0.00252361 0.00000000 -0.38114555
-0.40573843 -0.05349491 -0.45584786 -0.38910253 -0.06352623 0.01669637 -0.14927620 -0.09527387 -0.01982992 -0.00380867 0.11168550 0.19080992 -0.29003583 -0.12053078 -0.11665603 -0.36168571 -0.00252361 0.00000000 -0.38114555
-0.44613808 -0.04921721 0.00000000 -0.44346469 -0.07102917 0.00533577 -0.14808691 -0.09118527 -0.02381391 0.00653628 0.12266657 0.20734083 -0.31008465 -0.12703592 -0.13114623 -0.42989020 -0.00843676 0.00000000 -0.43993818
-0.33622576 -0.00468335 -0.42149362 -0.36244429 -0.12402965 0.03685731 -0.30683138 -0.27362609 -0.25682865 0.00093492 0.05910971 0.31085015 -0.04913594 -0.10910407 0.00430939 -0.32706635 -0.00353677 0.00000000 -0.32364163
0.00000000 -0.45556809 0.00000000 0.00000000 -0.85073312 0.06171193 0.18480983 -0.09387481 0.00926976 0.01962777 0.04218530 0.13621595 0.00000000 -0.02794715 0.01859541 0.00000000 0.00172376 0.00000000 0.00000000
-0.40573843 -0.05349491 -0.45584786 -0.38910253 -0.06352623 0.01669637 -0.14927620 -0.09527387 -0.01982992 -0.00380867 0.11168550 0.19080992 -0.29003583 -0.12053078 -0.11665603 -0.36168571 -0.00252361 0.00000000 -0.38114555
0.00000000 0.00000000 0.00000000 0.00000000 0.00000000 0.00000000 0.00000000 0.00000000 0.00000000 0.00000000 0.00000000 0.00000000 0.00000000 0.00000000 0.00000000 0.00000000 0.00000000 0.00000000 0.00000000
0.00000000 0.00000000 0.00000000 0.00000000 0.00000000 0.00000000 0.00000000 0.00000000 0.00000000 0.00000000 0.00000000 0.00000000 0.00000000 0.00000000 0.00000000 0.00000000 0.00000000 0.00000000 0.00000000
0.00000000 0.00000000 0.00000000 0.00000000 0.00000000 0.00000000 0.00000000 0.00000000 0.00000000 0.00000000 0.00000000 0.00000000 0.00000000 0.00000000 0.00000000 0.00000000 0.00000000 0.00000000 0.00000000
0.00000000 0.00000000 0.00000000 0.00000000 0.00000000 0.00000000 0.00000000 0.00000000 0.00000000 0.00000000 0.00000000 0.00000000 0.00000000 0.00000000 0.00000000 0.00000000 0.00000000 0.00000000 0.00000000
0.00000000 0.00000000 0.00000000 0.00000000 0.00000000 0.00000000 0.00000000 0.00000000 0.00000000 0.00000000 0.00000000 0.00000000 0.00000000 0.00000000 0.00000000 0.00000000 0.00000000 0.00000000 0.00000000
0.00000000 0.00000000 0.00000000 0.00000000 0.00000000 0.00000000 0.00000000 0.00000000 0.00000000 0.00000000 0.00000000 0.00000000 0.00000000 0.00000000 0.00000000 0.00000000 0.00000000 0.00000000 0.00000000
0.00000000 0.00000000 0.00000000 0.00000000 0.00000000 0.00000000 0.00000000 0.00000000 0.00000000 0.00000000 0.00000000 0.00000000 0.00000000 0.00000000 0.00000000 0.00000000 0.00000000 0.00000000 0.00000000
0.00000000 0.00000000 0.00000000 0.00000000 0.00000000 0.00000000 0.00000000 0.00000000 0.00000000 0.00000000 0.00000000 0.00000000 0.00000000 0.00000000 0.00000000 0.00000000 0.00000000 0.00000000 0.00000000
0.00000000 0.00000000 0.00000000 0.00000000 0.00000000 0.00000000 0.00000000 0.00000000 0.00000000 0.00000000 0.00000000 0.00000000 0.00000000 0.00000000 0.00000000 0.00000000 0.00000000 0.00000000 0.00000000
0.00000000 0.00000000 0.00000000 0.00000000 0.00000000 0.00000000 0.00000000 0.00000000 0.00000000 0.00000000 0.00000000 0.00000000 0.00000000 0.00000000 0.00000000 0.00000000 0.00000000 0.00000000 0.00000000
0.00000000 0.00000000 0.00000000 0.00000000 0.00000000 0.00000000 0.00000000 0.00000000 0.00000000 0.00000000 0.00000000 0.00000000 0.00000000 0.00000000 0.00000000 0.00000000 0.00000000 0.00000000 0.00000000
0.00000000 0.00000000 0.00000000 0.00000000 0.00000000 0.00000000 0.00000000 0.00000000 0.00000000 0.00000000 0.00000000 0.00000000 0.00000000 0.00000000 0.00000000 0.00000000 0.00000000 0.00000000 0.00000000
0.00000000 0.00000000 0.00000000 0.00000000 0.00000000 0.00000000 0.00000000 0.00000000 0.00000000 0.00000000 0.00000000 0.00000000 0.00000000 0.00000000 0.00000000 0.00000000 0.00000000 0.00000000 0.00000000
0.00000000 0.00000000 0.00000000 0.00000000 0.00000000 0.00000000 0.00000000 0.00000000 0.00000000 0.00000000 0.00000000 0.00000000 0.00000000 0.00000000 0.00000000 0.00000000 0.00000000 0.00000000 0.00000000
0.00000000 0.00000000 0.00000000 0.00000000 0.00000000 0.00000000 0.00000000 0.00000000 0.00000000 0.00000000 0.00000000 0.00000000 0.00000000 0.00000000 0.00000000 0.00000000 0.00000000 0.00000000 0.00000000
0.00000000 0.00000000 0.00000000 0.00000000 0.00000000 0.00000000 0.00000000 0.00000000 0.00000000 0.00000000 0.00000000 0.00000000 0.00000000 0.00000000 0.00000000 0.00000000 0.00000000 0.00000000 0.00000000
0.44787882 0.18621863 0.62688667 0.46227611 0.22213029 0.00166179 0.08367251 0.07561900 0.02989042 -0.01900430 -0.07473171 -0.12551822 0.14661595 0.09421724 0.02673639 0.11952708 0.00497304 0.00000000 0.16728263
0.44787882 0.18621863 0.62688667 0.46227611 0.22213029 0.00166179 0.08367251 0.07561900 0.02989042 -0.01900430 -0.07473171 -0.12551822 0.14661595 0.09421724 0.02673639 0.11952708 0.00497304 0.00000000 0.16728263
0.44787882 0.18621863 0.62688667 0.46227611 0.22213029 0.00166179 0.08367251 0.07561900 0.02989042 -0.01900430 -0.07473171 -0.12551822 0.14661595 0.09421724 0.02673639 0.11952708 0.00497304 0.00000000 0.16728263
0.44787882 0.18621863 0.62688667 0.46227611 0.22213029 0.00166179 0.08367251 0.07561900 0.02989042 -0.01900430 -0.07473171 -0.12551822 0.14661595 0.09421724 0.02673639 0.11952708 0.00497304 0.00000000 0.16728263
0.44787882 0.18621863 0.62688667 0.46227611 0.22213029 0.00166179 0.08367251 0.07561900 0.02989042 -0.01900430 -0.07473171 -0.12551822 0.14661595 0.09421724 0.02673639 0.11952708 0.00497304 0.00000000 0.16728263
-0.06593934 -0.12291344 -0.09449335 -0.09435943 0.00000000 0.00000000 0.30837579 0.19822863 0.11139182 0.01614690 -0.13670963 -0.27440995 0.47681649 0.29294672 0.18307874 0.41729819 0.02080868 0.00000000 0.44766261
0.44787882 0.18621863 0.62688667 0.46227611 0.22213029 0.00166179 0.08367251 0.07561900 0.02989042 -0.01900430 -0.07473171 -0.12551822 0.14661595 0.09421724 0.02673639 0.11952708 0.00497304 0.00000000 0.16728263
