0.00000000 -0.24102888 0.00000000 0.00000000 -0.30450309 -0.19484771 -0.31946234 -0.35158195 -0.24050899 0.04440963 0.12185710 0.41303007 -0.46842933 -0.25912113 -0.18181705 0.00000000 0.14375065 0.00000000 0.00000000
-0.23429380 -0.14999851 -0.51675510 -0.47801385 -0.41921237 -0.33987350 -0.14436652 -0.12580147 -0.11777509 0.00166483 0.02761552 0.15222177 -0.13894847 -0.11632385 -0.07857437 -0.05207565 0.07323924 0.00000000 -0.11940497
-0.33220240 -0.17463096 -0.46672548 -0.41338047 -0.25438952 -0.15326949 -0.22668462 -0.21218603 -0.18640585 0.00235749 0.05299527 0.24927463 -0.23170490 -0.17821661 -0.13848958 -0.09361920 0.13309450 0.00000000 -0.23454146
-0.00000005 -0.00000005 -0.00000009 -0.00000008 -0.00000008 -0.00000009 -0.00000007 -0.00000007 -0.00000007 0.00000003 0.00000003 0.00000014 -0.00000005 -0.00000005 -0.00000003 0.00000002 0.00000010 -1.00000000 0.00000000
-0.42383856 -0.14070000 -0.56818507 -0.48730867 -0.25737307 0.00128882 -0.11195949 -0.06874937 -0.02578716 0.01295809 0.08547590 0.14396920 -0.17606195 -0.09757348 -0.07247819 -0.18374477 -0.00902712 0.00000000 -0.21971606
-0.40573843 -0.05349491 -0.45584786 -0.38910253 -0.06352623 0.01669637 -0.14927620 -0.09527387 -0.01982992 -0.00380867 0.11168550 0.19080992 -0.29003583 -0.12053078 -0.11665603 -0.36168571 -0.00252361 0.00000000 -0.38114555
-0.00000002 0.00000001 -0.00000001 -0.00000001 0.00000002 0.00000004 0.00000001 0.00000002 0.00000002 0.00000003 0.00000005 0.00000006 -0.00000002 0.00000000 -0.00000000 -0.00000002 0.00000002 -1.00000000 0.00000000
0.44787882 0.18621863 0.62688667 0.46227611 0.22213029 0.00166179 0.08367251 0.07561900 0.02989042 -0.01900430 -0.07473171 -0.12551822 0.14661595 0.09421724 0.02673639 0.11952708 0.00497304 0.00000000 0.16728263
-0.00000000 -0.00000000 0.00000000 -0.00000000 0.00000000 0.00000000 -0.00000000 -0.00000000 -0.00000000 -0.00000000 -0.00000000 -0.00000000 -0.00000000 -0.00000000 -0.00000000 -0.00000000 -0.00000000 -1.00000000 -0.00000000
0.00000000 0.00000000 -0.00000000 0.00000000 0.00000000 0.00000000 0.00000000 0.00000000 0.00000000 0.00000000 0.00000000 0.00000000 0.00000000 0.00000000 0.00000000 0.00000000 0.00000000 -1.00000000 0.00000000
