0.00000000 0.00000000 0.00000000 0.00000000 0.00000000 0.00000000 0.00000000 0.00000000 0.00000000 0.00000000 0.00000000 0.00000000 0.00000000 0.00000000 0.00000000 0.00000000 0.00000000 0.00000000 0.00000000
0.00000000 0.00000000 0.00000000 0.00000000 0.00000000 0.00000000 0.00000000 0.00000000 0.00000000 0.00000000 0.00000000 0.00000000 0.00000000 0.00000000 0.00000000 0.00000000 0.00000000 0.00000000 0.00000000
0.00000000 0.00000000 0.00000000 0.00000000 0.00000000 0.00000000 0.00000000 0.00000000 0.00000000 0.00000000 0.00000000 0.00000000 0.00000000 0.00000000 0.00000000 0.00000000 0.00000000 0.00000000 0.00000000
0.00000000 0.00000000 0.00000000 0.00000000 0.00000000 0.00000000 0.00000000 0.00000000 0.00000000 0.00000000 0.00000000 0.00000000 0.00000000 0.00000000 0.00000000 0.00000000 0.00000000 0.00000000 0.00000000
0.00000000 0.00000000 0.00000000 0.00000000 0.00000000 0.00000000 0.00000000 0.00000000 0.00000000 0.00000000 0.00000000 0.00000000 0.00000000 0.00000000 0.00000000 0.00000000 0.00000000 0.00000000 0.00000000
0.00000000 0.00000000 0.00000000 0.00000000 0.00000000 0.00000000 0.00000000 0.00000000 0.00000000 0.00000000 0.00000000 0.00000000 0.00000000 0.00000000 0.00000000 0.00000000 0.00000000 0.00000000 0.00000000
0.00000000 0.00000000 0.00000000 0.00000000 0.00000000 0.00000000 0.00000000 0.00000000 0.00000000 0.00000000 0.00000000 0.00000000 0.00000000 0.00000000 0.00000000 0.00000000 0.00000000 0.00000000 0.00000000
0.00000000 0.00000000 0.00000000 0.00000000 0.00000000 0.00000000 0.00000000 0.00000000 0.00000000 0.00000000 0.00000000 0.00000000 0.00000000 0.00000000 0.00000000 0.00000000 0.00000000 0.00000000 0.00000000
0.00000000 0.00000000 0.00000000 0.00000000 0.00000000 0.00000000 0.00000000 0.00000000 0.00000000 0.00000000 0.00000000 0.00000000 0.00000000 0.00000000 0.00000000 0.00000000 0.00000000 0.00000000 0.00000000
0.00000000 0.00000000 0.00000000 0.00000000 0.00000000 0.00000000 0.00000000 0.00000000 0.00000000 0.00000000 0.00000000 0.00000000 0.00000000 0.00000000 0.00000000 0.00000000 0.00000000 0.00000000 0.00000000
0.00000000 0.00000000 0.00000000 0.00000000 0.00000000 0.00000000 0.00000000 0.00000000 0.00000000 0.00000000 0.00000000 0.00000000 0.00000000 0.00000000 0.00000000 0.00000000 0.00000000 0.00000000 0.00000000
0.00000000 0.00000000 0.00000000 0.00000000 0.00000000 0.00000000 0.00000000 0.00000000 0.00000000 0.00000000 0.00000000 0.00000000 0.00000000 0.00000000 0.00000000 0.00000000 0.00000000 0.00000000 0.00000000
0.00000000 0.00000000 0.00000000 0.00000000 0.00000000 0.00000000 0.00000000 0.00000000 0.00000000 0.00000000 0.00000000 0.00000000 0.00000000 0.00000000 0.00000000 0.00000000 0.00000000 0.00000000 0.00000000
0.00000000 0.00000000 0.00000000 0.00000000 0.00000000 0.00000000 0.00000000 0.00000000 0.00000000 0.00000000 0.00000000 0.00000000 0.00000000 0.00000000 0.00000000 0.00000000 0.00000000 0.00000000 0.00000000
0.00000000 0.00000000 0.00000000 0.00000000 0.00000000 0.00000000 0.00000000 0.00000000 0.00000000 0.00000000 0.00000000 0.00000000 0.00000000 0.00000000 0.00000000 0.00000000 0.00000000 0.00000000 0.00000000
0.00000000 0.00000000 0.00000000 0.00000000 0.00000000 0.00000000 0.00000000 0.00000000 0.00000000 0.00000000 0.00000000 0.00000000 0.00000000 0.00000000 0.00000000 0.00000000 0.00000000 0.00000000 0.00000000
0.00000000 0.00000000 0.00000000 0.00000000 0.00000000 0.00000000 0.00000000 0.00000000 0.00000000 0.00000000 0.00000000 0.00000000 0.00000000 0.00000000 0.00000000 0.00000000 0.00000000 0.00000000 0.00000000
-0.40573843 -0.05349491 -0.45584786 -0.38910253 -0.06352623 0.01669637 -0.14927620 -0.09527387 -0.01982992 -0.00380867 0.11168550 0.19080992 -0.29003583 -0.12053078 -0.11665603 -0.36168571 -0.00252361 0.00000000 -0.38114555
-0.40573843 -0.05349491 -0.45584786 -0.38910253 -0.06352623 0.01669637 -0.14927620 -0.09527387 -0.01982992 -0.00380867 0.11168550 0.19080992 -0.29003583 -0.12053078 -0.11665603 -0.36168571 -0.00252361 0.00000000 -0.38114555
-0.40573843 -0.05349491 -0.45584786 -0.38910253 -0.06352623 0.01669637 -0.14927620 -0.09527387 -0.01982992 -0.00380867 0.11168550 0.19080992 -0.29003583 -0.12053078 -0.11665603 -0.36168571 -0.00252361 0.00000000 -0.38114555
0.00510447 0.03871548 -0.00454336 -0.00532271 -0.03260199 -0.12404385 0.01387416 0.02173819 -0.10444224 -0.54378023 0.01854387 0.01085416 0.00714078 -0.01718301 0.01775374 -0.00572619 0.82068308 0.00000000 0.00543383
-0.50180544 -0.02685611 0.00000000 -0.47582574 -0.08310998 0.01431887 -0.17480294 -0.10225161 -0.03755807 0.03206660 0.14066138 0.22401133 -0.32932023 -0.11614575 -0.14253836 0.00000000 0.06121715 0.00000000 -0.50450392
-0.29912288 0.09415360 -0.43621607 -0.41019222 -0.22125005 0.01533268 -0.30869271 -0.29830033 -0.22551985 -0.01254285 0.06714671 0.33847994 -0.05077176 -0.10216215 0.02348637 0.00000000 -0.09252309 0.00000000 -0.34269031
0.00000000 -0.45556809 0.00000000 0.00000000 -0.85073312 0.06171193 0.18480983 -0.09387481 0.00926976 0.01962777 0.04218530 0.13621595 0.00000000 -0.02794715 0.01859541 0.00000000 0.00172376 0.00000000 0.00000000
-0.40573843 -0.05349491 -0.45584786 -0.38910253 -0.06352623 0.01669637 -0.14927620 -0.09527387 -0.01982992 -0.00380867 0.11168550 0.19080992 -0.29003583 -0.12053078 -0.11665603 -0.36168571 -0.00252361 0.00000000 -0.38114555
-0.44921347 -0.05588197 0.00000000 -0.46306529 -0.07135553 -0.00374918 -0.13505062 -0.09645171 -0.02397830 -0.01755089 0.10906280 0.18995274 -0.30251029 -0.13365395 -0.12928200 -0.42334510 0.01335793 0.00000000 -0.44006682
-0.37342490 -0.12009163 -0.43118683 -0.29703471 -0.04816946 0.08733747 -0.28238055 -0.30083580 -0.24906052 -0.01504366 0.05052380 0.28670867 -0.02544783 -0.13296473 0.01379372 -0.34432230 -0.05104832 0.00000000 -0.32418796
0.00000000 -0.45556809 0.00000000 0.00000000 -0.85073312 0.06171193 0.18480983 -0.09387481 0.00926976 0.01962777 0.04218530 0.13621595 0.00000000 -0.02794715 0.01859541 0.00000000 0.00172376 0.00000000 0.00000000
-0.40573843 -0.05349491 -0.45584786 -0.38910253 -0.06352623 0.01669637 -0.14927620 -0.09527387 -0.01982992 -0.00380867 0.11168550 0.19080992 -0.29003583 -0.12053078 -0.11665603 -0.36168571 -0.00252361 0.00000000 -0.38114555
0.00000000 0.00000000 0.00000000 0.00000000 0.00000000 0.00000000 0.00000000 0.00000000 0.00000000 0.00000000 0.00000000 0.00000000 0.00000000 0.00000000 0.00000000 0.00000000 0.00000000 0.00000000 0.00000000
0.00000000 0.00000000 0.00000000 0.00000000 0.00000000 0.00000000 0.00000000 0.00000000 0.00000000 0.00000000 0.00000000 0.00000000 0.00000000 0.00000000 0.00000000 0.00000000 0.00000000 0.00000000 0.00000000
0.00000000 0.00000000 0.00000000 0.00000000 0.00000000 0.00000000 0.00000000 0.00000000 0.00000000 0.00000000 0.00000000 0.00000000 0.00000000 0.00000000 0.00000000 0.00000000 0.00000000 0.00000000 0.00000000
0.00000000 0.00000000 0.00000000 0.00000000 0.00000000 0.00000000 0.00000000 0.00000000 0.00000000 0.00000000 0.00000000 0.00000000 0.00000000 0.00000000 0.00000000 0.00000000 0.00000000 0.00000000 0.00000000
0.00000000 0.00000000 0.00000000 0.00000000 0.00000000 0.00000000 0.00000000 0.00000000 0.00000000 0.00000000 0.00000000 0.00000000 0.00000000 0.00000000 0.00000000 0.00000000 0.00000000 0.00000000 0.00000000
0.00000000 0.00000000 0.00000000 0.00000000 0.00000000 0.00000000 0.00000000 0.00000000 0.00000000 0.00000000 0.00000000 0.00000000 0.00000000 0.00000000 0.00000000 0.00000000 0.00000000 0.00000000 0.00000000
0.00000000 0.00000000 0.00000000 0.00000000 0.00000000 0.00000000 0.00000000 0.00000000 0.00000000 0.00000000 0.00000000 0.00000000 0.00000000 0.00000000 0.00000000 0.00000000 0.00000000 0.00000000 0.00000000
0.00000000 0.00000000 0.00000000 0.00000000 0.00000000 0.00000000 0.00000000 0.00000000 0.00000000 0.00000000 0.00000000 0.00000000 0.00000000 0.00000000 0.00000000 0.00000000 0.00000000 0.00000000 0.00000000
0.00000000 0.00000000 0.00000000 0.00000000 0.00000000 0.00000000 0.00000000 0.00000000 0.00000000 0.00000000 0.00000000 0.00000000 0.00000000 0.00000000 0.00000000 0.00000000 0.00000000 0.00000000 0.00000000
0.00000000 0.00000000 0.00000000 0.00000000 0.00000000 0.00000000 0.00000000 0.00000000 0.00000000 0.00000000 0.00000000 0.00000000 0.00000000 0.00000000 0.00000000 0.00000000 0.00000000 0.00000000 0.00000000
0.00000000 0.00000000 0.00000000 0.00000000 0.00000000 0.00000000 0.00000000 0.00000000 0.00000000 0.00000000 0.00000000 0.00000000 0.00000000 0.00000000 0.00000000 0.00000000 0.00000000 0.00000000 0.00000000
0.44787882 0.18621863 0.62688667 0.46227611 0.22213029 0.00166179 0.08367251 0.07561900 0.02989042 -0.01900430 -0.07473171 -0.12551822 0.14661595 0.09421724 0.02673639 0.11952708 0.00497304 0.00000000 0.16728263
0.44787882 0.18621863 0.62688667 0.46227611 0.22213029 0.00166179 0.08367251 0.07561900 0.02989042 -0.01900430 -0.07473171 -0.12551822 0.14661595 0.09421724 0.02673639 0.11952708 0.00497304 0.00000000 0.16728263
0.44787882 0.18621863 0.62688667 0.46227611 0.22213029 0.00166179 0.08367251 0.07561900 0.02989042 -0.01900430 -0.07473171 -0.12551822 0.14661595 0.09421724 0.02673639 0.11952708 0.00497304 0.00000000 0.16728263
0.00349240 0.00839966 0.00249515 -0.00338363 -0.00704169 -0.94125785 0.01869399 -0.02068493 -0.05233026 0.08230631 -0.02093052 0.01246173 0.01066851 -0.01660178 0.05850355 0.01308635 0.31453040 0.00000000 -0.00935048
0.44787882 0.18621863 0.62688667 0.46227611 0.22213029 0.00166179 0.08367251 0.07561900 0.02989042 -0.01900430 -0.07473171 -0.12551822 0.14661595 0.09421724 0.02673639 0.11952708 0.00497304 0.00000000 0.16728263
0.44787882 0.18621863 0.62688667 0.46227611 0.22213029 0.00166179 0.08367251 0.07561900 0.02989042 -0.01900430 -0.07473171 -0.12551822 0.14661595 0.09421724 0.02673639 0.11952708 0.00497304 0.00000000 0.16728263
-0.07911578 -0.09857231 -0.08498056 -0.09270753 0.00000000 0.00000000 0.28837362 0.21166309 0.13091070 0.01876328 -0.13066918 -0.28793771 0.47625665 0.30579351 0.16623135 0.41509665 0.00878690 0.00000000 0.44992178
0.44787882 0.18621863 0.62688667 0.46227611 0.22213029 0.00166179 0.08367251 0.07561900 0.02989042 -0.01900430 -0.07473171 -0.12551822 0.14661595 0.09421724 0.02673639 0.11952708 0.00497304 0.00000000 0.16728263
0.42251956 0.00336066 0.61578383 0.51196696 0.21831548 0.02452717 0.10491233 0.07912561 0.04339666 0.01784613 -0.02510953 -0.18289572 0.20634068 0.15600977 0.05887799 -0.03401849 -0.02497302 0.00000000 0.07867153
0.43665903 0.15694569 0.64599484 0.45542232 0.27404861 0.01741535 0.05873174 0.04660989 0.00449774 -0.00552964 -0.03482991 -0.07262370 0.11389559 0.06221368 0.06163978 0.17458758 0.02495257 0.00000000 0.14375845
0.19863266 0.06151997 0.04702467 0.06163819 -0.14710836 -0.38364855 -0.03304934 -0.03234961 -0.02354876 0.00034940 -0.23789619 -0.39224326 0.21571780 0.20168395 -0.00073235 0.22646791 0.00000000 0.00000000 0.65595813
0.44787882 0.18621863 0.62688667 0.46227611 0.22213029 0.00166179 0.08367251 0.07561900 0.02989042 -0.01900430 -0.07473171 -0.12551822 0.14661595 0.09421724 0.02673639 0.11952708 0.00497304 0.00000000 0.16728263
