0.00000000 0.00000000 0.00000000 0.00000000 0.00000000 0.00000000 0.00000000 0.00000000 0.00000000 0.00000000 0.00000000 0.00000000 0.00000000 0.00000000 0.00000000 0.00000000 0.00000000 0.00000000 0.00000000
0.00000000 0.00000000 0.00000000 0.00000000 0.00000000 0.00000000 0.00000000 0.00000000 0.00000000 0.00000000 0.00000000 0.00000000 0.00000000 0.00000000 0.00000000 0.00000000 0.00000000 0.00000000 0.00000000
0.00000000 0.00000000 0.00000000 0.00000000 0.00000000 0.00000000 0.00000000 0.00000000 0.00000000 0.00000000 0.00000000 0.00000000 0.00000000 0.00000000 0.00000000 0.00000000 0.00000000 0.00000000 0.00000000
0.00000000 0.00000000 0.00000000 0.00000000 0.00000000 0.00000000 0.00000000 0.00000000 0.00000000 0.00000000 0.00000000 0.00000000 0.00000000 0.00000000 0.00000000 0.00000000 0.00000000 0.00000000 0.00000000
0.00000000 0.00000000 0.00000000 0.00000000 0.00000000 0.00000000 0.00000000 0.00000000 0.00000000 0.00000000 0.00000000 0.00000000 0.00000000 0.00000000 0.00000000 0.00000000 0.00000000 0.00000000 0.00000000
0.00000000 0.00000000 0.00000000 0.00000000 0.00000000 0.00000000 0.00000000 0.00000000 0.00000000 0.00000000 0.00000000 0.00000000 0.00000000 0.00000000 0.00000000 0.00000000 0.00000000 0.00000000 0.00000000
0.00000000 0.00000000 0.00000000 0.00000000 0.00000000 0.00000000 0.00000000 0.00000000 0.00000000 0.00000000 0.00000000 0.00000000 0.00000000 0.00000000 0.00000000 0.00000000 0.00000000 0.00000000 0.00000000
0.00000000 0.00000000 0.00000000 0.00000000 0.00000000 0.00000000 0.00000000 0.00000000 0.00000000 0.00000000 0.00000000 0.00000000 0.00000000 0.00000000 0.00000000 0.00000000 0.00000000 0.00000000 0.00000000
0.00000000 0.00000000 0.00000000 0.00000000 0.00000000 0.00000000 0.00000000 0.00000000 0.00000000 0.00000000 0.00000000 0.00000000 0.00000000 0.00000000 0.00000000 0.00000000 0.00000000 0.00000000 0.00000000
0.00000000 0.00000000 0.00000000 0.00000000 0.00000000 0.00000000 0.00000000 0.00000000 0.00000000 0.00000000 0.00000000 0.00000000 0.00000000 0.00000000 0.00000000 0.00000000 0.00000000 0.00000000 0.00000000
0.00000000 0.00000000 0.00000000 0.00000000 0.00000000 0.00000000 0.00000000 0.00000000 0.00000000 0.00000000 0.00000000 0.00000000 0.00000000 0.00000000 0.00000000 0.00000000 0.00000000 0.00000000 0.00000000
0.00000000 0.00000000 0.00000000 0.00000000 0.00000000 0.00000000 0.00000000 0.00000000 0.00000000 0.00000000 0.00000000 0.00000000 0.00000000 0.00000000 0.00000000 0.00000000 0.00000000 0.00000000 0.00000000
0.00000000 0.00000000 0.00000000 0.00000000 0.00000000 0.00000000 0.00000000 0.00000000 0.00000000 0.00000000 0.00000000 0.00000000 0.00000000 0.00000000 0.00000000 0.00000000 0.00000000 0.00000000 0.00000000
0.00000000 0.00000000 0.00000000 0.00000000 0.00000000 0.00000000 0.00000000 0.00000000 0.00000000 0.00000000 0.00000000 0.00000000 0.00000000 0.00000000 0.00000000 0.00000000 0.00000000 0.00000000 0.00000000
0.00000000 0.00000000 0.00000000 0.00000000 0.00000000 0.00000000 0.00000000 0.00000000 0.00000000 0.00000000 0.00000000 0.00000000 0.00000000 0.00000000 0.00000000 0.00000000 0.00000000 0.00000000 0.00000000
0.00000000 0.00000000 0.00000000 0.00000000 0.00000000 0.00000000 0.00000000 0.00000000 0.00000000 0.00000000 0.00000000 0.00000000 0.00000000 0.00000000 0.00000000 0.00000000 0.00000000 0.00000000 0.00000000
0.00000000 0.00000000 0.00000000 0.00000000 0.00000000 0.00000000 0.00000000 0.00000000 0.00000000 0.00000000 0.00000000 0.00000000 0.00000000 0.00000000 0.00000000 0.00000000 0.00000000 0.00000000 0.00000000
-0.40573843 -0.05349491 -0.45584786 -0.38910253 -0.06352623 0.01669637 -0.14927620 -0.09527387 -0.01982992 -0.00380867 0.11168550 0.19080992 -0.29003583 -0.12053078 -0.11665603 -0.36168571 -0.00252361 0.00000000 -0.38114555
-0.40573843 -0.05349491 -0.45584786 -0.38910253 -0.06352623 0.01669637 -0.14927620 -0.09527387 -0.01982992 -0.00380867 0.11168550 0.19080992 -0.29003583 -0.12053078 -0.11665603 -0.36168571 -0.00252361 0.00000000 -0.38114555
-0.40573843 -0.05349491 -0.45584786 -0.38910253 -0.06352623 0.01669637 -0.14927620 -0.09527387 -0.01982992 -0.00380867 0.11168550 0.19080992 -0.29003583 -0.12053078 -0.11665603 -0.36168571 -0.00252361 0.00000000 -0.38114555
0.00510447 0.03871548 -0.00454336 -0.00532271 -0.03260199 -0.12404385 0.01387416 0.02173819 -0.10444224 -0.54378023 0.01854387 0.01085416 0.00714078 -0.01718301 0.01775374 -0.00572619 0.82068308 0.00000000 0.00543383
0.00510447 0.03871548 -0.00454336 -0.00532271 -0.03260199 -0.12404385 0.01387416 0.02173819 -0.10444224 -0.54378023 0.01854387 0.01085416 0.00714078 -0.01718301 0.01775374 -0.00572619 0.82068308 0.00000000 0.00543383
0.00510447 0.03871548 -0.00454336 -0.00532271 -0.03260199 -0.12404385 0.01387416 0.02173819 -0.10444224 -0.54378023 0.01854387 0.01085416 0.00714078 -0.01718301 0.01775374 -0.00572619 0.82068308 0.00000000 0.00543383
-0.51350685 -0.05647169 0.00000000 -0.44184498 -0.07280451 0.01976585 -0.21248030 -0.12844686 -0.07166546 0.00000000 0.12919972 0.22970669 -0.33674196 -0.11835506 -0.14991457 0.00000000 0.06809175 0.00000000 -0.49137502
-0.29912288 0.09415360 -0.43621607 -0.41019222 -0.22125005 0.01533268 -0.30869271 -0.29830033 -0.22551985 -0.01254285 0.06714671 0.33847994 -0.05077176 -0.10216215 0.02348637 0.00000000 -0.09252309 0.00000000 -0.34269031
0.00000000 -0.45556809 0.00000000 0.00000000 -0.85073312 0.06171193 0.18480983 -0.09387481 0.00926976 0.01962777 0.04218530 0.13621595 0.00000000 -0.02794715 0.01859541 0.00000000 0.00172376 0.00000000 0.00000000
-0.40573843 -0.05349491 -0.45584786 -0.38910253 -0.06352623 0.01669637 -0.14927620 -0.09527387 -0.01982992 -0.00380867 0.11168550 0.19080992 -0.29003583 -0.12053078 -0.11665603 -0.36168571 -0.00252361 0.00000000 -0.38114555
-0.54542162 0.00191449 0.00000000 0.00000000 0.03614319 0.03726357 0.28016821 0.15098194 0.01728694 0.00906378 0.37443628 0.43657791 -0.49244789 -0.10774534 -0.09875125 0.00000000 -0.05896894 0.00000000 0.00000000
-0.29912288 0.09415360 -0.43621607 -0.41019222 -0.22125005 0.01533268 -0.30869271 -0.29830033 -0.22551985 -0.01254285 0.06714671 0.33847994 -0.05077176 -0.10216215 0.02348637 0.00000000 -0.09252309 0.00000000 -0.34269031
0.00000000 -0.45556809 0.00000000 0.00000000 -0.85073312 0.06171193 0.18480983 -0.09387481 0.00926976 0.01962777 0.04218530 0.13621595 0.00000000 -0.02794715 0.01859541 0.00000000 0.00172376 0.00000000 0.00000000
-0.40573843 -0.05349491 -0.45584786 -0.38910253 -0.06352623 0.01669637 -0.14927620 -0.09527387 -0.01982992 -0.00380867 0.11168550 0.19080992 -0.29003583 -0.12053078 -0.11665603 -0.36168571 -0.00252361 0.00000000 -0.38114555
-0.45198586 -0.05644394 0.00000000 -0.47203193 -0.07661421 -0.00122420 -0.17799080 -0.12370061 -0.03892196 -0.00562079 0.08428890 0.16418087 -0.28564220 -0.10714570 -0.09907639 -0.42516442 -0.00562079 0.00000000 -0.44448201
-0.38411855 -0.12120543 -0.42719818 -0.33580694 -0.05743743 0.08467513 -0.29119510 -0.26404290 -0.19411361 -0.01897261 0.07035602 0.26602054 -0.06338311 -0.10323777 -0.00036374 -0.35757565 -0.01897261 0.00000000 -0.34765295
0.00000000 -0.45556809 0.00000000 0.00000000 -0.85073312 0.06171193 0.18480983 -0.09387481 0.00926976 0.01962777 0.04218530 0.13621595 0.00000000 -0.02794715 0.01859541 0.00000000 0.00172376 0.00000000 0.00000000
-0.40573843 -0.05349491 -0.45584786 -0.38910253 -0.06352623 0.01669637 -0.14927620 -0.09527387 -0.01982992 -0.00380867 0.11168550 0.19080992 -0.29003583 -0.12053078 -0.11665603 -0.36168571 -0.00252361 0.00000000 -0.38114555
0.00000000 -0.15177876 0.00000000 0.00000000 -0.16784242 -0.02692817 -0.00975521 -0.15749688 0.01868041 0.12355160 0.00000000 0.00000000 0.00000000 -0.65720780 -0.68965972 0.00000000 0.00000000 0.00000000 0.00000000
-0.37342490 -0.12009163 -0.43118683 -0.29703471 -0.04816946 0.08733747 -0.28238055 -0.30083580 -0.24906052 -0.01504366 0.05052380 0.28670867 -0.02544783 -0.13296473 0.01379372 -0.34432230 -0.05104832 0.00000000 -0.32418796
0.00000000 -0.45556809 0.00000000 0.00000000 -0.85073312 0.06171193 0.18480983 -0.09387481 0.00926976 0.01962777 0.04218530 0.13621595 0.00000000 -0.02794715 0.01859541 0.00000000 0.00172376 0.00000000 0.00000000
-0.40573843 -0.05349491 -0.45584786 -0.38910253 -0.06352623 0.01669637 -0.14927620 -0.09527387 -0.01982992 -0.00380867 0.11168550 0.19080992 -0.29003583 -0.12053078 -0.11665603 -0.36168571 -0.00252361 0.00000000 -0.38114555
0.00000000 0.00000000 0.00000000 0.00000000 0.00000000 0.00000000 0.00000000 0.00000000 0.00000000 0.00000000 0.00000000 0.00000000 0.00000000 0.00000000 0.00000000 0.00000000 0.00000000 0.00000000 0.00000000
0.44787882 0.18621863 0.62688667 0.46227611 0.22213029 0.00166179 0.08367251 0.07561900 0.02989042 -0.01900430 -0.07473171 -0.12551822 0.14661595 0.09421724 0.02673639 0.11952708 0.00497304 0.00000000 0.16728263
0.44787882 0.18621863 0.62688667 0.46227611 0.22213029 0.00166179 0.08367251 0.07561900 0.02989042 -0.01900430 -0.07473171 -0.12551822 0.14661595 0.09421724 0.02673639 0.11952708 0.00497304 0.00000000 0.16728263
0.44787882 0.18621863 0.62688667 0.46227611 0.22213029 0.00166179 0.08367251 0.07561900 0.02989042 -0.01900430 -0.07473171 -0.12551822 0.14661595 0.09421724 0.02673639 0.11952708 0.00497304 0.00000000 0.16728263
0.00349240 0.00839966 0.00249515 -0.00338363 -0.00704169 -0.94125785 0.01869399 -0.02068493 -0.05233026 0.08230631 -0.02093052 0.01246173 0.01066851 -0.01660178 0.05850355 0.01308635 0.31453040 0.00000000 -0.00935048
0.00349240 0.00839966 0.00249515 -0.00338363 -0.00704169 -0.94125785 0.01869399 -0.02068493 -0.05233026 0.08230631 -0.02093052 0.01246173 0.01066851 -0.01660178 0.05850355 0.01308635 0.31453040 0.00000000 -0.00935048
0.00349240 0.00839966 0.00249515 -0.00338363 -0.00704169 -0.94125785 0.01869399 -0.02068493 -0.05233026 0.08230631 -0.02093052 0.01246173 0.01066851 -0.01660178 0.05850355 0.01308635 0.31453040 0.00000000 -0.00935048
0.05260225 0.01652996 0.39680697 0.32912443 0.34371757 0.00000000 0.15720113 0.17391277 0.12782313 -0.09476640 -0.06211621 -0.31775025 0.28517071 0.26744512 0.09352299 0.00000000 -0.29872697 0.00000000 0.42083827
0.40932549 0.20242579 0.61170058 0.42148906 0.22637949 0.00000000 0.03975470 -0.00282053 0.00150129 -0.01279999 -0.06546399 -0.10609247 0.02123043 0.01803486 0.11933325 0.00000000 -0.32502324 0.00000000 0.22460184
0.22772549 0.24074350 -0.01150782 -0.02932954 -0.22068304 0.00000000 0.19131132 0.11882068 0.15778017 -0.01021459 -0.29895476 -0.28928488 0.46133862 0.34466970 0.21856965 0.00000000 -0.26152040 0.00000000 0.37936380
0.44787882 0.18621863 0.62688667 0.46227611 0.22213029 0.00166179 0.08367251 0.07561900 0.02989042 -0.01900430 -0.07473171 -0.12551822 0.14661595 0.09421724 0.02673639 0.11952708 0.00497304 0.00000000 0.16728263
0.44787882 0.18621863 0.62688667 0.46227611 0.22213029 0.00166179 0.08367251 0.07561900 0.02989042 -0.01900430 -0.07473171 -0.12551822 0.14661595 0.09421724 0.02673639 0.11952708 0.00497304 0.00000000 0.16728263
0.45503045 0.22273561 0.63112145 0.43921062 0.22584802 0.00000000 0.09452885 0.05866204 0.03250993 -0.00682622 -0.07130555 -0.10841346 0.12709669 0.05840102 0.06438451 0.16238861 0.00017327 0.00000000 0.14391127
-0.07294673 -0.10633379 -0.08891832 -0.09036220 0.00000000 0.00000000 0.30574702 0.22112970 0.12707277 0.00067311 -0.12814945 -0.29186195 0.48001377 0.29610408 0.15779501 0.41579260 0.00558747 0.00000000 0.43733520
0.44787882 0.18621863 0.62688667 0.46227611 0.22213029 0.00166179 0.08367251 0.07561900 0.02989042 -0.01900430 -0.07473171 -0.12551822 0.14661595 0.09421724 0.02673639 0.11952708 0.00497304 0.00000000 0.16728263
0.44787882 0.18621863 0.62688667 0.46227611 0.22213029 0.00166179 0.08367251 0.07561900 0.02989042 -0.01900430 -0.07473171 -0.12551822 0.14661595 0.09421724 0.02673639 0.11952708 0.00497304 0.00000000 0.16728263
0.39075675 0.21066048 0.63445898 0.39268413 0.21485843 0.00000000 0.00000000 0.14004057 -0.01875015 0.00000000 -0.11341596 -0.08202148 0.25469285 0.06251042 0.21293351 0.19624286 0.00000000 0.00000000 0.08858097
0.19863266 0.06151997 0.04702467 0.06163819 -0.14710836 -0.38364855 -0.03304934 -0.03234961 -0.02354876 0.00034940 -0.23789619 -0.39224326 0.21571780 0.20168395 -0.00073235 0.22646791 0.00000000 0.00000000 0.65595813
0.44787882 0.18621863 0.62688667 0.46227611 0.22213029 0.00166179 0.08367251 0.07561900 0.02989042 -0.01900430 -0.07473171 -0.12551822 0.14661595 0.09421724 0.02673639 0.11952708 0.00497304 0.00000000 0.16728263
0.31749797 -0.62490841 0.00000000 0.00000000 0.00000000 -0.30741045 0.18733584 0.12159023 0.07239179 0.01971526 -0.07951982 -0.29644848 0.37275699 0.28798038 0.10513307 -0.06443054 -0.09394600 0.00000000 0.13623318
0.68148201 0.19622867 0.00000000 0.00000000 0.00000000 -0.51704039 0.10211266 0.07548010 0.02315593 -0.01836260 -0.07187119 -0.11414694 0.17017847 0.07723926 0.10566324 0.29290168 0.03250187 0.00000000 0.24822188
0.19863266 0.06151997 0.04702467 0.06163819 -0.14710836 -0.38364855 -0.03304934 -0.03234961 -0.02354876 0.00034940 -0.23789619 -0.39224326 0.21571780 0.20168395 -0.00073235 0.22646791 0.00000000 0.00000000 0.65595813
0.44787882 0.18621863 0.62688667 0.46227611 0.22213029 0.00166179 0.08367251 0.07561900 0.02989042 -0.01900430 -0.07473171 -0.12551822 0.14661595 0.09421724 0.02673639 0.11952708 0.00497304 0.00000000 0.16728263
